126
-2.42 3.02
-2.82 3.02
-3.22 2.96
-3.62 2.9
-4.02 2.82
-4.44 2.72
-4.82 2.56
-5.14 2.28
-5.36 1.94
-5.54 1.58
-5.66 1.18
-5.74 0.78
-5.78 0.38
-5.76 -0.02
-5.7 -0.42
-5.64 -0.82
-5.56 -1.22
-5.5 -1.62
-5.42 -2.02
-5.26 -2.4
-4.96 -2.7
-4.62 -2.94
-4.26 -3.12
-3.88 -3.28
-3.48 -3.42
-3.08 -3.52
-2.68 -3.64
-2.26 -3.72
-1.86 -3.8
-1.46 -3.84
-1.04 -3.88
-0.64 -3.9
-0.24 -3.88
0.16 -3.76
0.5 -3.54
0.76 -3.22
0.92 -2.84
0.92 -2.44
0.7 -2.1
0.38 -1.86
0 -1.7
-0.38 -1.56
-0.78 -1.44
-1.18 -1.32
-1.58 -1.2
-1.98 -1.08
-2.38 -0.96
-2.76 -0.8
-3.08 -0.54
-3.22 -0.16
-3.2 0.24
-2.98 0.58
-2.66 0.82
-2.3 1
-1.9 1.14
-1.5 1.22
-1.1 1.26
-0.68 1.28
-0.26 1.26
0.14 1.22
0.54 1.16
0.94 1.08
1.34 0.96
1.72 0.82
2.08 0.62
2.42 0.38
2.74 0.1
3.02 -0.2
3.3 -0.52
3.54 -0.88
3.7 -1.26
3.82 -1.66
3.96 -2.08
4.06 -2.5
4.16 -2.9
4.28 -3.3
4.52 -3.62
4.92 -3.7
5.3 -3.56
5.6 -3.26
5.84 -2.9
6.06 -2.56
6.26 -2.2
6.44 -1.84
6.52 -1.44
6.58 -1.04
6.6 -0.64
6.58 -0.24
6.52 0.16
6.44 0.56
6.3 0.94
6.14 1.32
5.94 1.68
5.74 2.04
5.54 2.4
5.34 2.76
5.18 3.14
5 3.5
4.72 3.8
4.38 4.02
4 4.16
3.6 4.22
3.18 4.24
2.78 4.2
2.4 4.06
2.08 3.82
1.8 3.52
1.48 3.28
1.08 3.18
0.68 3.24
0.32 3.42
0.04 3.72
-0.2 4.06
-0.48 4.36
-0.76 4.66
-1.14 4.8
-1.54 4.8
-1.72 4.44
-1.66 4.02
-1.48 3.66
-1.24 3.34
-1.06 2.98
-1.3 2.66
-1.62 2.42
-1.82 2.78
-2.06 3.1
