65
-5.34 3.14
-4.68 3.14
-4.02 3.16
-3.36 3.22
-2.72 3.26
-2.06 3.32
-1.44 3.34
-0.56 3.38
0.3 3.38
1 3.38
1.66 3.38
2.28 3.34
2.7 2.74
2.86 2.06
2.98 1.36
3.1 0.38
3.18 -0.26
3.28 -0.94
3.38 -1.64
3.5 -2.28
3.64 -2.92
3.7 -3.52
3.8 -4.14
3.02 -4.08
2.24 -3.82
1.46 -3.64
0.82 -3.5
-0.06 -3.4
-0.66 -3.36
-0.2 -2.52
0.14 -1.96
0.5 -1.38
0.84 -0.84
1.14 -0.24
1.36 0.38
1.54 0.96
0.64 1.06
-0.08 1.06
-0.78 1.06
-1.42 1.04
-2.16 1
-2.84 0.98
-3.26 0.42
-3.54 -0.12
-3.76 -0.7
-3.7 -1.4
-3.54 -2.02
-3.66 -2.62
-4.24 -3.04
-5.24 -3.44
-5.88 -3.5
-6.56 -3.22
-6.9 -2.64
-7 -2.02
-7.02 -1.08
-7 -0.46
-6.76 0.1
-6.46 0.62
-6.32 1.48
-6.36 2.08
-6.38 2.76
-6.42 3.42
-6.44 4.02
-5.92 4.36
-5.6 3.82
