134
-9.72 5.61
-10.54 5.69
-11.36 5.63
-12.1 5.27
-12.76 4.77
-13.1 4.03
-13.38 3.27
-13.44 2.47
-12.86 1.89
-12.1 1.57
-11.26 1.49
-10.42 1.61
-9.6 1.63
-8.78 1.65
-7.98 1.65
-7.16 1.67
-6.36 1.69
-5.54 1.69
-4.72 1.69
-3.94 1.41
-3.5 0.73
-3.4 -0.07
-3.82 -0.79
-4.52 -1.23
-5.3 -1.49
-6.1 -1.61
-6.9 -1.63
-7.74 -1.63
-8.54 -1.63
-9.36 -1.63
-10.16 -1.61
-10.98 -1.65
-11.78 -1.81
-12.56 -2.13
-13.16 -2.69
-13.64 -3.33
-13.68 -4.13
-13.42 -4.89
-12.84 -5.47
-12.1 -5.81
-11.28 -5.99
-10.48 -6.01
-9.66 -6.01
-8.8 -5.91
-8 -5.95
-7.16 -6.05
-6.32 -6.11
-5.52 -6.13
-4.66 -6.17
-3.82 -6.17
-2.96 -6.17
-2.14 -6.09
-1.32 -6.05
-0.5 -6.03
0.3 -5.83
0.88 -5.21
1.02 -4.37
1.02 -3.57
1.02 -2.67
1.04 -1.85
1.04 -0.99
1.04 -0.17
1.44 0.57
2.14 1.01
2.94 1.01
3.66 0.63
4.1 -0.09
4.42 -0.85
4.6 -1.63
4.76 -2.43
4.88 -3.27
5.24 -4.03
5.64 -4.75
6.1 -5.43
6.84 -5.87
7.66 -5.95
8.48 -5.95
9.28 -5.95
10.14 -5.85
10.98 -5.83
11.82 -5.53
12.24 -4.79
12.36 -3.91
12.48 -2.97
12.5 -2.15
11.72 -1.73
10.92 -1.55
10.04 -1.45
9.22 -1.35
8.44 -1.17
7.86 -0.59
7.42 0.11
7.34 0.97
8.02 1.49
8.82 1.65
9.66 1.81
10.46 1.99
11.34 2.23
11.98 2.71
12.42 3.43
12.64 4.31
12.64 5.15
12.44 5.93
11.84 6.55
10.98 6.83
10.12 7.05
9.32 7.09
8.48 7.01
7.68 6.91
6.8 6.85
5.96 6.71
5.38 6.13
5.1 5.35
4.54 4.77
3.8 4.37
2.96 4.15
2.12 4.15
1.28 4.15
0.44 4.17
-0.36 4.17
-1.18 4.19
-1.96 4.37
-2.76 4.63
-3.28 5.25
-3.76 5.89
-3.82 6.71
-4.4 7.31
-5.2 7.65
-6.04 7.85
-6.88 7.93
-7.66 7.75
-8.32 7.25
-8.6 6.47
-8.94 5.79
